STARTUP
985
988
988
988
988
988
988
millis	5000	207
millis	5000	207
988
988
988
988
990
990
988
988
990
990
988
988
988
988
992
992
988
988
988
988
988
988
988
988
988
988
986
986
988
988
988
988
988
988
988
988
988
988
988
988
988
988
988
988
988
988
988
988
990
990
990
990
988
988
988
988
988
988
988
988
988
988
988
988
988
988
988
988
986
986
988
988
988
988
988
988
988
988
986
986
992
992
988
988
990
990
988
988
988
988
988
988
988
988
988
988
988
988
988
988
988
988
988
988
988
988
988
988
988
988
988
millis	6000	207
millis	6001	207
988
988
988
988
988
988
988
988
988
986
986
988
988
988
988
988
988
988
988
986
986
988
988
988
988
988
988
988
988
988
988
988
988
988
988
988
988
988
988
988
988
990
990
988
988
990
990
988
988
988
988
990
990
988
988
988
988
990
990
988
988
988
988
988
988
988
988
988
988
988
988
988
988
988
988
988
988
988
988
988
988
988
988
988
988
988
988
988
988
988
988
988
988
988
988
988
988
988
988
988
988
988
988
988
988
988
988
988
988
988
988
millis	7000	207
millis	7001	207
988
988
988
988
988
988
988
988
988
988
985
985
988
988
990
990
988
988
988
988
988
988
988
988
988
988
988
988
992
992
988
988
990
990
990
990
990
990
988
988
988
988
988
988
988
988
988
988
988
988
988
988
986
986
988
988
988
988
988
988
988
988
988
988
988
988
988
988
988
988
988
988
988
988
988
988
988
988
988
988
988
988
988
988
988
988
988
988
988
988
988
988
988
988
988
988
988
988
988
988
988
988
988
988
988
988
988
988
988
988
988
millis	8000	207
millis	8000	207
988
988
988
988
988
988
988
988
988
988
988
988
988
988
988
988
988
988
988
990
990
988
988
990
990
988
988
988
988
988
988
988
988
988
988
988
988
988
988
988
988
988
988
990
990
988
988
988
988
986
986
988
988
988
988
988
988
988
988
988
988
990
990
988
988
988
988
988
988
988
988
988
988
986
986
988
988
988
988
988
988
988
988
988
988
992
992
990
990
988
988
990
990
988
988
990
990
988
988
990
990
988
988
988
988
986
986
988
988
988
988
millis	9000	207
988
988
988
988
988
988
988
988
988
988
988
988
988
988
988
988
988
988
988
988
988
988
992
992
988
988
986
986
988
988
988
988
988
988
988
988
988
988
988
988
988
988
988
988
988
988
988
988
988
988
988
988
988
988
988
988
988
988
988
988
988
988
988
988
988
988
990
990
986
986
988
988
988
988
988
988
988
988
988
988
988
988
988
988
988
988
988
988
988
988
988
988
988
988
988
988
988
988
988
988
988
988
988
988
986
986
986
986
988
988
988
988
millis	10000	207
millis	10001	207
988
988
