-2	-1
-2	-1
-2	-1
-1	-1
-2	-1
-2	-1
-2	-1
-2	0
-2	-1
-2	-1
-2	-1
-1	-1
-2	-1
-2	-1
-2	-1
-2	-1
-2	-1
-2	-1
-2	-1
-2	0
-2	6
-2	19
-2	26
-2	31
-2	34
-2	35
-2	37
-2	37
-1	36
-2	35
-2	36
-2	37
-2	37
-2	37
-2	37
-2	36
-2	36
-2	35
-1	40
-2	43
-1	47
-1	49
-1	52
-1	54
-1	56
-1	57
-1	59
-1	60
-1	62
-1	63
-1	65
-1	66
-1	67
-1	68
-1	69
-1	70
-1	71
-1	71
-1	73
-1	73
-1	74
-1	75
-1	75
-1	76
-1	77
-1	78
-1	78
-1	79
-1	79
-1	80
-1	81
-1	81
0	82
-1	82
0	82
-1	83
-1	83
-1	84
-1	84
0	85
-1	85
0	85
0	86
0	87
0	87
0	87
0	88
0	88
0	89
0	89
0	89
0	89
0	90
0	90
0	90
0	91
0	91
0	92
0	92
0	92
0	92
0	93
0	93
0	93
0	93
0	94
0	94
0	95
0	95
0	95
0	95
0	95
0	96
0	96
0	96
0	96
0	96
0	96
0	97
0	97
0	97
0	98
0	98
0	98
0	98
0	98
0	98
0	99
0	99
0	98
0	99
0	99
0	99
0	99
0	100
0	100
0	100
0	100
0	100
0	100
0	100
0	100
0	100
0	100
0	100
0	100
0	100
0	100
0	100
0	100
0	100
0	100
0	100
0	100
0	100
0	100
0	100
1	100
1	100
1	100
1	100
1	100
1	100
1	100
1	100
1	100
1	100
1	100
1	100
1	100
1	100
1	100
1	99
2	99
2	99
2	99
2	99
2	98
2	99
2	99
2	98
2	98
2	98
2	98
2	98
2	98
2	98
3	98
3	98
3	98
3	98
3	98
3	98
3	97
3	97
3	97
3	97
3	97
3	97
3	97
3	97
3	97
3	97
4	97
4	96
4	97
4	97
4	96
4	97
4	97
4	96
4	96
4	96
5	96
5	96
5	96
5	96
5	96
5	96
5	96
5	96
5	96
5	96
6	96
6	96
6	96
6	96
6	96
6	96
6	96
6	96
6	96
6	96
6	91
6	87
6	90
7	90
7	90
7	93
7	93
7	91
7	89
7	93
8	92
8	90
8	90
8	92
8	90
8	90
8	92
8	91
8	90
9	91
9	91
9	91
9	90
9	90
9	90
9	90
9	90
9	90
9	90
9	90
10	90
10	90
10	90
10	89
10	90
10	90
10	89
11	89
11	89
11	89
11	89
11	89
11	89
11	89
12	89
12	89
12	88
12	89
12	89
12	88
12	88
12	88
12	88
12	88
13	88
13	88
13	88
13	88
13	88
13	88
14	87
14	87
14	87
14	87
14	87
14	87
15	87
15	87
15	87
15	87
15	87
15	87
15	87
15	87
15	87
16	86
16	87
16	86
16	86
16	86
16	86
17	86
17	85
17	86
17	86
17	85
18	85
18	85
18	85
18	85
18	85
18	85
18	85
18	85
19	85
19	85
19	85
19	85
19	85
19	85
20	85
20	84
20	84
20	84
20	84
21	84
21	84
21	84
21	84
21	84
21	84
21	84
21	84
22	84
22	84
22	84
22	83
22	83
22	84
23	83
23	83
23	83
23	82
23	83
24	83
24	83
24	83
24	82
24	82
24	82
24	82
25	82
25	82
25	82
25	82
25	82
26	82
26	82
26	82
26	82
27	82
27	82
27	81
27	81
27	81
27	81
27	81
28	81
28	81
28	81
28	81
28	81
28	81
29	81
29	81
29	81
29	81
29	81
30	80
30	81
30	80
30	80
30	80
30	80
31	79
31	80
31	80
31	79
31	79
32	79
32	79
32	79
32	79
33	79
33	79
33	79
33	79
33	79
33	79
33	79
34	79
34	79
34	79
34	79
34	78
35	78
35	78
35	78
35	78
36	78
36	78
36	78
36	78
36	78
36	78
37	78
37	78
37	78
37	78
38	77
38	78
38	77
38	77
38	77
38	77
39	77
39	77
39	76
39	76
39	76
40	76
40	76
40	76
40	76
41	76
41	76
41	76
41	76
41	76
42	76
42	76
42	76
42	76
42	75
42	75
43	75
43	75
43	75
43	75
44	75
44	75
44	75
44	74
45	74
45	74
45	74
45	74
45	74
45	74
45	74
46	74
46	74
46	74
47	74
47	74
47	74
47	74
48	74
48	73
48	73
48	73
48	73
48	73
48	73
49	73
49	73
49	73
49	73
50	73
50	73
50	73
51	73
51	73
51	72
51	72
51	72
51	72
52	72
52	72
52	72
52	72
52	72
53	71
53	71
53	71
54	71
54	71
54	71
54	71
54	71
54	71
55	71
55	71
55	71
55	71
56	71
56	70
56	70
56	70
57	70
57	70
57	70
57	70
57	70
57	70
58	70
58	70
58	70
58	70
59	70
59	70
60	70
60	69
60	69
60	69
60	69
61	69
61	69
61	69
61	69
61	69
62	69
62	69
62	68
62	68
63	68
63	68
63	68
63	68
63	68
64	68
64	68
64	68
64	68
64	68
64	68
65	67
65	67
65	67
66	67
66	67
66	67
66	67
67	67
67	67
67	67
67	67
67	67
67	67
68	67
68	67
68	67
69	67
69	66
69	66
69	66
69	66
70	66
70	66
70	66
70	66
70	65
71	65
71	65
71	65
71	65
72	65
72	65
72	65
72	65
73	65
73	65
73	65
73	65
73	65
73	65
74	64
74	64
74	64
75	64
75	64
75	64
75	64
75	64
76	64
76	64
76	63
76	63
76	63
76	63
77	63
77	63
77	63
78	63
78	63
78	63
78	63
79	63
79	63
79	63
79	63
79	62
80	63
80	62
80	62
80	62
81	62
81	62
81	62
81	62
82	62
82	62
82	62
82	62
82	62
82	62
83	62
83	61
83	61
83	61
84	62
84	61
84	61
84	61
85	61
85	60
85	60
85	60
85	60
85	60
86	60
86	60
86	60
87	60
87	60
87	60
87	60
88	60
88	60
88	60
88	59
88	60
88	60
89	59
89	59
89	59
90	59
90	59
90	59
90	59
91	59
91	59
91	59
91	59
91	59
92	59
92	58
92	58
92	58
93	58
93	58
93	58
93	58
94	58
94	58
94	58
94	57
94	57
95	57
95	57
95	57
95	57
96	57
96	57
96	57
97	57
97	57
97	57
97	57
97	57
98	56
98	57
98	56
98	56
99	56
99	56
99	56
100	56
100	56
100	56
100	56
100	56
101	56
101	56
101	56
102	55
102	56
102	55
102	55
103	55
103	55
103	55
103	54
104	54
104	55
104	55
104	54
105	54
105	54
106	54
106	54
106	54
106	54
106	54
107	54
107	54
107	54
108	54
108	54
108	54
109	54
109	53
109	53
109	53
110	53
110	53
110	53
111	53
111	53
112	52
112	52
112	52
112	52
112	52
113	52
113	52
114	52
114	52
114	52
115	52
115	52
115	52
116	52
116	51
116	51
117	51
117	51
117	51
118	51
118	51
118	51
119	51
119	51
119	51
120	51
121	51
121	51
121	51
122	50
122	50
122	50
123	51
123	50
123	50
124	50
124	50
125	50
125	50
125	49
126	49
126	49
127	49
127	49
127	49
128	49
128	49
129	49
129	49
130	49
130	49
130	49
131	49
131	49
132	49
132	48
132	48
133	48
133	48
134	48
134	48
135	48
135	48
136	48
136	48
137	48
137	48
137	48
138	48
139	47
139	47
139	47
140	47
140	47
141	46
141	47
142	47
142	46
143	46
143	46
144	46
144	46
145	46
145	46
146	46
146	46
146	46
147	46
148	45
148	46
149	46
149	46
150	45
150	45
151	45
152	45
152	45
152	45
153	45
153	45
154	45
155	45
155	45
156	45
156	45
157	45
157	44
158	44
158	44
159	44
160	44
160	44
161	44
161	44
162	44
163	44
163	43
164	43
164	43
164	43
165	43
166	43
167	43
167	43
167	42
168	43
169	43
169	43
170	43
170	42
171	42
172	41
172	38
173	34
173	30
175	27
176	25
176	23
176	21
177	18
177	18
177	16
177	15
177	13
177	12
178	11
178	10
178	9
178	8
178	7
178	7
177	7
177	6
177	5
177	5
176	5
176	5
175	4
174	4
173	4
173	3
172	3
171	3
170	3
169	3
168	3
167	2
166	2
165	3
163	2
163	2
162	2
161	2
161	2
161	2
162	2
162	2
162	2
163	2
163	2
163	2
164	2
164	2
165	2
165	1
165	2
165	1
165	1
165	1
166	2
166	1
166	1
167	1
167	1
167	1
167	1
167	1
167	1
167	1
167	1
167	1
167	1
167	1
166	1
165	1
165	1
164	1
164	1
163	1
162	1
161	1
161	1
161	1
161	1
160	1
160	1
159	1
159	1
158	1
158	1
158	1
158	1
158	1
158	1
158	1
throw_close_time	213
vent_open_time	862
