112
112
112
112
112
112
112
112
112
112
112
112
112
112
112
112
112
112
112
112
112
112
112
112
112
112
112
112
112
112
112
112
112
112
112
112
112
112
112
112
112
112
113
113
113
113
113
113
113
113
113
113
113
113
113
113
113
113
113
113
114
114
114
114
114
114
114
114
114
114
114
114
114
114
114
114
114
114
115
114
114
115
115
115
115
115
115
115
115
115
115
115
115
115
115
115
115
115
116
116
116
116
116
116
116
116
116
116
116
116
116
117
116
116
117
117
117
117
117
117
117
117
117
117
117
118
118
118
118
118
118
118
118
118
118
119
119
119
119
119
119
119
119
120
120
120
120
120
120
120
121
121
121
121
121
121
121
122
122
122
122
122
122
123
123
123
123
123
123
124
124
124
124
124
125
125
125
125
125
126
126
126
126
126
127
127
127
127
127
128
128
128
129
129
129
129
129
130
130
130
130
130
131
131
131
132
131
132
132
132
133
133
133
134
134
134
134
135
135
135
135
136
136
136
136
137
137
138
138
138
139
139
139
139
139
140
140
140
141
141
142
142
142
142
143
143
143
144
144
145
145
145
145
146
146
146
147
147
148
148
148
148
150
149
150
150
150
151
151
152
152
152
153
153
153
154
154
155
155
155
156
156
156
157
157
158
158
158
159
159
160
160
161
161
161
162
162
163
164
164
164
164
165
165
166
166
167
167
168
168
169
169
169
170
170
171
171
172
172
173
173
174
174
175
175
175
176
176
177
177
177
178
178
179
179
180
180
181
181
182
182
182
183
183
184
185
185
186
186
187
187
188
188
189
189
189
190
190
191
192
192
193
193
194
194
195
195
196
196
197
197
198
199
199
199
200
200
201
202
202
203
203
204
204
205
205
206
206
207
207
208
209
209
209
210
210
211
211
212
213
213
214
214
215
216
216
217
217
218
218
219
220
220
221
221
222
222
223
223
224
225
225
225
226
227
228
228
229
229
229
230
231
231
232
232
233
233
234
235
235
236
236
237
237
238
239
240
240
241
241
242
242
243
243
244
244
245
245
246
247
248
248
249
249
249
251
251
252
252
253
253
254
255
255
256
257
257
257
258
259
259
260
260
261
262
262
263
264
264
265
266
266
267
267
268
268
269
270
270
271
272
272
273
273
274
274
276
276
277
277
278
278
279
280
281
281
282
282
283
284
284
285
286
286
287
288
288
289
290
290
291
292
292
293
294
294
295
296
296
297
298
299
299
300
301
301
302
303
303
304
305
305
306
307
308
308
309
310
310
311
312
313
313
314
315
315
316
317
318
319
319
320
321
321
323
323
324
325
325
326
327
328
329
330
330
331
332
333
334
335
336
336
337
338
339
339
340
341
342
343
343
345
346
346
347
348
349
349
351
352
352
353
354
355
356
357
358
359
360
360
361
363
364
365
365
366
367
368
369
370
371
372
373
374
375
377
377
378
379
380
381
382
384
384
385
386
387
388
389
391
392
393
394
395
396
397
398
399
400
401
402
403
404
406
407
408
409
410
411
412
414
415
416
417
419
419
421
422
424
424
426
427
428
430
431
432
433
434
435
436
438
439
440
441
442
443
445
447
448
449
450
451
452
455
455
457
458
459
460
461
463
464
466
467
468
469
470
472
474
475
476
477
478
480
482
483
484
485
486
488
490
491
492
494
495
496
497
499
501
502
503
504
506
507
509
510
512
513
514
515
517
519
520
522
523
525
527
529
530
530
0
0
0
0
0
0
0
0
0
530
530
530
531
0
0
0
0
0
0
0
0
1
512
511
509
0
4
0
0
0
0
0
0
0
495
495
496
496
500
501
502
502
503
503
503
0
0
0
0
0
0
0
0
0
522
522
522
523
523
512
517
513
511
509
508
506
505
505
505
505
505
502
498
494
487
486
486
485
485
485
485
486
487
488
0
0
0
0
0
0
0
0
0
498
498
498
498
499
499
0
0
0
0
0
0
0
0
0
491
491
491
492
493
493
493
493
492
491
489
489
489
490
491
492
0
0
0
0
0
0
0
0
0
506
506
505
503
502
500
498
497
497
497
497
497
0
0
0
0
0
0
0
0
0
495
495
496
497
497
497
498
498
498
499
500
501
502
0
0
0
0
0
0
0
0
0
505
505
505
26
0
0
0
0
0
0
0
0
501
501
502
502
502
502
503
505
505
506
507
508
508
509
510
510
511
512
513
514
514
515
515
515
514
513
512
512
511
511
511
511
511
512
513
513
513
513
514
514
514
515
516
517
517
518
519
520
521
523
524
525
526
526
526
526
526
525
525
525
525
525
526
525
525
525
526
526
526
526
526
525
524
523
522
521
520
519
518
518
518
518
518
518
518
518
518
518
518
518
518
518
518
518
518
518
518
518
519
520
520
520
521
521
521
521
519
518
518
517
516
516
516
516
516
516
516
516
516
517
516
516
516
517
517
517
517
517
517
517
517
517
518
518
519
519
519
519
519
519
519
519
517
517
517
517
517
517
517
517
518
518
519
519
519
519
520
520
520
520
521
521
521
522
522
522
523
523
523
523
523
523
523
523
523
522
522
522
522
522
522
522
522
523
524
525
524
524
524
524
525
524
523
523
523
523
522
522
522
522
522
522
522
522
522
522
522
522
522
522
522
522
522
522
522
522
522
522
523
523
523
523
523
523
523
523
523
523
523
523
523
523
523
523
523
523
524
523
524
524
524
525
525
525
525
524
524
524
523
523
523
523
523
523
523
523
523
523
523
523
523
523
523
523
523
523
523
523
523
523
524
524
524
524
524
524
524
524
524
524
523
523
523
523
523
523
523
524
523
524
524
523
523
523
523
523
524
523
523
524
523
523
524
523
523
523
524
524
523
523
523
523
523
523
523
523
523
523
523
523
523
523
523
524
523
523
523
524
524
524
524
524
524
524
524
524
524
524
524
524
524
524
524
524
523
523
523
523
523
523
523
523
523
523
523
523
523
523
523
523
524
524
524
524
524
524
524
524
524
524
524
524
524
524
524
524
524
524
524
524
524
524
524
524
523
524
523
523
523
523
523
523
523
523
523
523
523
523
523
523
523
523
523
523
523
523
524
524
524
524
524
524
524
524
524
524
524
524
524
524
524
524
524
524
524
524
524
524
524
524
524
524
523
523
523
523
524
523
523
523
523
523
523
523
523
523
523
524
523
523
523
524
523
523
524
524
524
523
524
523
523
523
523
523
523
523
523
524
523
524
523
524
523
524
524
523
523
523
524
523
523
524
523
523
523
524
524
523
523
523
523
523
523
524
524
523
523
523
523
523
524
523
523
523
523
523
524
523
523
524
523
523
523
524
523
523
524
523
523
523
523
524
523
523
523
523
523
523
523
523
523
523
523
523
523
523
523
523
524
523
523
523
523
523
523
524
524
523
524
523
523
524
523
523
523
524
524
523
524
523
524
523
523
523
523
524
523
523
523
524
523
524
523
523
524
523
524
523
523
523
523
523
523
524
524
523
523
523
523
523
523
523
523
523
523
523
524
523
523
523
523
524
524
523
523
523
524
523
524
523
523
523
523
523
523
523
523
523
523
523
523
524
523
523
524
523
524
523
523
523
524
523
523
524
524
524
523
523
523
523
523
524
523
523
524
524
523
523
523
523
523
524
524
523
523
523
523
524
523
524
523
523
523
523
524
524
524
523
523
523
523
523
524
523
524
523
524
524
524
523
524
524
523
524
523
524
523
523
523
523
523
524
523
523
523
523
524
523
524
523
523
524
523
523
523
523
524
524
523
523
523
523
523
523
523
523
523
523
523
523
523
524
523
523
524
523
523
523
524
523
523
523
523
523
523
523
524
523
523
523
524
524
523
523
523
523
523
523
523
524
523
523
523
524
524
523
524
523
523
523
523
523
524
523
523
523
523
523
523
523
523
524
523
523
524
524
523
523
523
523
524
523
523
524
524
523
524
523
523
524
523
524
524
523
523
524
524
523
524
523
524
523
523
523
524
523
523
523
524
524
523
523
524
523
523
523
523
523
523
523
524
523
523
523
523
524
523
523
523
524
523
524
523
523
523
523
523
524
523
523
523
523
523
523
523
524
524
523
523
523
524
523
523
523
523
524
524
524
523
523
524
524
523
523
524
524
523
523
523
523
523
523
524
524
523
523
524
523
523
523
524
523
523
523
523
523
524
524
523
524
523
523
523
523
523
523
524
523
523
524
524
523
523
524
523
523
523
523
523
523
524
523
523
524
524
523
524
523
524
523
523
523
523
524
523
524
524
523
523
523
523
523
523
524
524
523
523
523
523
523
524
524
523
524
523
523
523
523
523
523
524
523
523
523
523
523
523
523
523
523
524
523
523
524
523
523
523
524
524
523
524
523
524
523
523
523
524
523
523
523
523
523
523
523
523
523
523
524
523
523
524
523
523
523
523
523
523
523
523
523
523
523
523
523
523
