112
112
112
112
112
112
112
112
112
112
112
112
112
112
112
112
112
112
112
112
112
112
112
112
112
112
112
112
112
112
112
112
112
112
112
112
112
112
112
112
113
113
113
113
113
113
113
113
113
113
113
113
113
113
113
113
114
114
114
113
114
114
114
114
114
114
114
114
114
114
114
114
114
114
114
115
115
115
115
115
115
115
115
115
115
115
115
115
115
115
115
115
116
116
116
116
116
116
116
116
116
116
116
116
116
116
116
117
117
117
117
117
117
117
117
117
118
117
118
118
118
118
118
118
118
119
118
119
119
119
119
119
119
119
119
119
120
120
120
120
120
120
121
121
121
121
121
121
121
122
122
122
122
122
122
123
123
123
123
123
124
124
124
124
125
125
125
125
125
126
125
126
126
126
126
127
127
127
127
128
128
128
128
128
129
129
129
129
130
130
130
130
131
131
131
131
132
132
132
133
133
133
133
134
134
134
134
135
135
135
136
136
136
137
137
137
137
138
138
139
139
139
139
139
140
140
141
141
141
141
142
142
143
143
143
144
144
144
144
145
145
146
146
146
147
147
148
148
148
149
149
149
150
150
151
151
151
152
152
153
153
153
154
154
155
155
156
156
156
157
157
157
158
158
159
160
160
160
160
161
162
162
162
162
163
163
164
165
165
165
166
166
167
167
168
168
169
169
169
170
171
171
172
172
172
173
174
174
175
175
175
176
176
177
177
178
178
179
179
180
181
181
182
182
182
183
183
184
185
185
186
186
186
187
188
188
189
189
189
190
191
191
192
192
193
193
193
194
195
196
196
197
197
198
199
199
200
200
201
201
202
202
203
203
204
204
205
206
207
207
208
208
208
209
210
210
211
211
212
212
213
214
215
215
216
216
217
217
218
219
219
220
220
221
222
222
223
223
224
224
225
226
226
227
227
228
229
229
230
231
231
231
232
233
233
234
235
235
236
237
237
238
238
239
240
240
241
241
242
242
243
244
245
245
245
247
247
248
248
249
250
250
251
252
252
253
253
254
255
255
256
257
257
258
258
259
260
260
261
262
262
263
264
264
265
266
266
267
267
268
269
269
270
271
271
272
273
273
274
275
275
276
277
278
278
279
279
280
281
282
282
283
283
284
285
285
286
287
288
288
289
290
291
291
292
293
294
294
295
296
297
297
298
298
299
300
301
302
302
303
304
304
305
306
307
307
308
309
310
310
312
312
313
314
314
315
316
317
318
318
319
320
321
322
323
324
324
325
326
326
328
329
329
330
331
332
332
334
334
335
336
337
337
338
340
341
341
343
343
344
345
346
347
348
349
350
351
352
353
354
354
355
356
357
358
360
360
361
362
363
364
365
367
367
368
369
370
371
373
374
374
376
376
377
379
380
381
382
383
384
385
387
388
389
390
391
391
392
394
395
396
397
398
399
400
402
403
404
406
407
408
410
411
412
413
414
415
416
418
419
420
421
423
423
425
427
428
429
430
431
432
435
435
437
438
439
440
441
443
444
446
447
448
449
450
452
453
455
456
457
458
459
462
463
464
465
467
468
470
471
473
474
475
476
477
480
481
482
483
485
486
487
490
491
492
493
495
496
497
499
501
502
503
505
506
507
510
511
512
513
515
516
518
520
521
522
524
526
528
530
529
0
0
0
0
0
0
0
0
0
531
531
531
530
529
529
528
527
528
527
526
525
523
518
515
512
0
0
0
0
0
0
0
0
0
492
492
492
493
496
497
499
500
501
501
502
0
0
0
0
0
0
0
0
0
516
516
517
520
0
0
0
0
0
0
0
0
0
505
505
505
505
505
503
501
498
493
491
491
490
490
490
490
490
490
490
491
491
492
493
497
499
500
502
501
500
0
0
0
0
0
0
0
0
0
504
503
501
497
492
487
483
481
482
483
483
484
484
486
487
487
487
487
487
487
488
489
489
489
490
0
0
0
0
0
0
0
2
0
498
498
0
0
0
0
0
0
0
0
0
492
492
491
0
0
0
0
0
0
0
0
0
497
497
497
497
499
500
501
0
0
0
0
0
0
0
0
0
505
505
505
166
0
0
0
0
0
0
0
0
501
501
501
501
502
502
502
504
505
506
507
508
509
509
510
510
511
511
512
513
515
515
515
515
515
514
513
513
0
0
0
0
0
0
0
0
514
514
514
514
515
516
516
517
518
519
520
521
521
522
523
525
526
526
527
527
527
527
526
526
526
525
526
525
525
526
526
526
526
526
526
525
523
522
521
520
519
519
518
518
518
518
518
518
518
518
519
518
519
518
518
518
0
0
0
0
0
0
0
0
0
522
522
521
521
520
519
518
0
0
0
0
0
0
0
0
0
517
517
517
517
517
518
517
518
518
519
519
519
519
519
519
520
520
520
520
520
520
520
519
519
518
518
518
518
518
518
518
518
518
519
519
520
520
520
521
521
521
521
522
523
523
524
524
524
525
525
525
525
525
525
525
525
524
524
524
523
523
523
523
523
523
523
523
523
523
523
523
522
522
521
521
521
521
521
521
521
521
522
522
523
523
523
523
523
522
522
522
522
522
522
522
522
522
522
522
522
522
522
522
522
521
521
521
520
520
520
520
521
522
523
524
524
524
524
524
524
524
524
0
0
0
0
0
0
0
0
0
525
525
525
525
525
525
525
524
524
523
523
523
523
523
522
522
522
522
522
522
522
523
523
523
524
525
525
525
525
525
525
525
525
525
524
524
524
524
524
524
524
525
525
525
525
524
524
524
524
523
523
523
523
523
523
523
523
523
523
523
524
524
524
524
524
524
524
524
524
524
524
524
524
524
524
524
524
524
524
524
524
524
524
524
524
524
524
524
524
524
524
524
524
524
524
524
524
524
524
524
524
524
524
524
524
524
524
524
524
524
524
524
524
524
524
524
524
524
524
524
524
524
524
524
524
524
524
524
524
524
524
524
524
524
524
524
524
524
524
524
524
523
524
523
523
523
524
524
523
523
524
523
524
524
523
523
523
523
524
524
524
524
524
524
524
524
524
524
524
524
524
524
524
524
524
524
524
524
524
524
524
524
524
524
524
524
524
524
524
524
524
524
524
524
524
524
524
524
524
524
524
524
523
524
524
524
524
524
524
524
524
524
524
524
524
524
524
524
524
524
524
524
524
524
524
524
524
524
524
524
524
524
524
524
524
524
524
524
524
524
524
524
524
524
524
524
524
524
524
524
524
524
524
524
524
524
524
524
524
524
524
524
524
524
524
524
524
524
524
524
524
524
524
524
524
524
524
524
524
524
524
524
524
524
524
524
524
524
524
524
524
524
524
524
524
524
524
524
524
524
524
524
524
524
524
524
524
524
524
524
524
524
524
524
524
524
524
524
524
524
524
524
524
524
524
524
524
524
524
524
524
523
524
524
524
524
524
524
524
524
524
524
524
524
524
524
524
524
524
524
524
524
524
524
524
524
524
524
524
524
524
524
524
524
524
524
524
524
524
524
524
524
524
524
524
524
524
524
524
524
524
524
524
524
524
524
524
524
524
524
524
524
524
524
523
524
524
524
524
524
524
524
524
524
524
524
524
524
523
524
524
524
524
524
524
524
524
524
524
524
524
524
524
524
524
524
524
524
524
524
524
524
524
524
524
524
524
524
524
524
524
524
524
524
524
524
524
524
524
524
524
524
524
524
524
524
524
524
524
524
524
524
524
524
524
524
524
524
524
524
524
524
524
524
524
524
524
524
524
524
524
524
524
524
524
524
524
524
524
524
524
524
524
524
524
524
524
524
524
524
524
524
524
524
524
524
524
524
524
524
524
524
524
524
524
524
524
524
524
524
524
524
524
524
524
524
524
524
524
524
524
524
524
524
524
524
524
524
524
524
524
524
524
524
524
524
524
524
524
524
524
524
524
524
524
524
524
524
524
524
524
524
524
524
524
524
524
524
524
524
524
524
524
524
524
524
524
524
524
524
524
524
524
524
524
524
524
524
524
524
524
524
524
524
524
524
524
524
524
524
524
524
524
524
524
524
524
524
524
524
524
524
524
524
524
524
524
524
524
524
524
524
524
524
524
524
524
524
524
524
524
524
523
524
524
524
524
524
524
524
524
524
524
524
524
524
524
524
524
524
524
524
524
524
524
524
524
524
524
524
524
524
524
524
524
524
524
524
524
524
524
524
524
524
524
524
524
524
524
524
524
524
524
524
524
524
524
524
524
524
524
524
524
524
524
524
524
524
524
524
524
524
524
524
524
524
524
524
524
524
524
524
524
524
524
524
524
524
524
524
524
524
524
524
524
524
524
524
524
524
524
524
524
524
524
524
524
524
524
524
524
524
524
524
524
524
524
524
524
524
524
524
524
524
524
524
524
524
524
524
524
524
524
524
524
524
524
524
524
524
524
524
524
524
524
524
524
524
524
524
524
524
524
524
524
524
524
524
524
524
524
524
524
523
524
