Hammer between 166 and 252

ORN       Measured           Normalized            Discretized
left      1.0   0     0.1  |  0.995  0.0   0.1   |  2037     0   205
right    -0.9   0     0.14 | -0.99   0.0   0.14  | -2027     0   287
front     0.0  -0.95 -0.20 |  0.0   -0.95 -0.30  |     0 -1925  -614
top       0.0   0.1  -0.95 |  0.0    0.1  -0.995 |     0   205 -2037
top right 0.95  0.2  -0.3  |  0.96   0.2  -0.3   |  1966   409  -614
top left -0.9   0.2  -0.3  | -0.96   0.2  -0.3   | -1966   409  -614
tail      0.08  1.0   0.3  |  0.08   0.95  0.3   |   163  1925   614
frontl    0.74 -0.53 -0.39 |  0.75  -0.53 -0.39  |  1530 -1096  -806
frontr   -0.68 -0.59 -0.29 | -0.72  -0.62 -0.31  | -1472 -1278  -628
